l,TT
2,971.2330563669827
3,920.0421985481885
4,870.210301846008
5,832.5878489458385
6,806.5442452840797
7,789.7460722936032
8,779.4659352899956
9,774.3707720167198
10,773.1066342312649
11,774.3705320100493
12,778.7957929152275
13,784.5048573286155
14,791.3847469765333
15,798.4130175213128
16,807.2576240256576
17,817.7684934674386
18,828.8374860720221
19,841.240645785369
20,853.3762969606161
21,865.9381514703254
22,878.9491212504628
23,892.0219663609458
24,905.4765486621392
25,919.4468195053403
26,933.4430533224079
27,947.875774465695
28,962.5770477986714
29,977.4704658677698
30,992.7532813262793
31,1007.820770091945
32,1023.4779421227237
33,1039.1932371435355
34,1054.943188464169
35,1071.3099272278728
36,1087.3933848467545
37,1103.7148586390508
38,1120.3777462486075
39,1137.2895368727927
40,1154.3774549864704
41,1171.5613993521001
42,1188.843390551045
43,1206.2329801224937
44,1223.7768614988918
45,1241.5365849353393
46,1259.4762320888701
47,1277.578569163012
48,1295.8180339195098
49,1314.1839208497613
50,1332.7323796010035
51,1351.523115666966
52,1370.5037760141774
53,1389.6032783524026
54,1408.8025387422076
55,1428.0973298181987
56,1447.599589224693
57,1467.4105006587613
58,1487.487420521882
59,1507.7431348948853
60,1528.15728477191
61,1548.736894148289
62,1569.4870945252194
63,1590.4255436742574
64,1611.5550423671132
65,1632.9006761171581
66,1654.4994941382927
67,1676.3324044875035
68,1698.362565513758
69,1720.545706891652
70,1742.8524146745392
71,1765.2609443128424
72,1787.8842267067394
73,1810.8354338199779
74,1834.1237404244098
75,1857.7508926671505
76,1881.6725531772486
77,1905.7640482084662
78,1930.010615889012
79,1954.4569209487997
80,1979.1253428890616
81,2004.0403954727717
82,2029.2128449468391
83,2054.6184501183016
84,2080.25525476586
85,2106.1138742648614
86,2132.1895653336983
87,2158.451580068492
88,2184.8812403100865
89,2211.48958134965
90,2238.2802102015744
91,2265.2636316557923
92,2292.440799585228
93,2319.8269940312152
94,2347.4152101427126
95,2375.220728295272
96,2403.236544005221
97,2431.4630813444533
98,2459.9081929522313
99,2488.5500182936903
100,2517.4038388197278
101,2546.462651170509
102,2575.7268805798344
103,2605.182095825614
104,2634.8287226300026
105,2664.659758605734
106,2694.6682016014865
107,2724.8470496951236
108,2755.1818728349185
109,2785.680526230392
110,2816.3285802391656
111,2847.1189360330427
112,2878.0515324180496
113,2909.118782284658
114,2940.3130986641036
115,2971.6268947119324
116,3003.060012041446
117,3034.6048640062436
118,3066.246435683329
119,3097.9845689072527
120,3129.811677203249
121,3161.7201741220706
122,3193.695044875243
123,3225.7361313724045
124,3257.835847158444
125,3289.9791774028445
126,3322.1659639413915
127,3354.381191867906
128,3386.617274579601
129,3418.874053773707
130,3451.13651439543
131,3483.3898727004193
132,3515.642555391869
133,3547.8735070908533
134,3580.0839574345737
135,3612.2602793349615
136,3644.403702391715
137,3676.5005995055044
138,3708.5447719449908
139,3740.5225926645808
140,3772.442719725537
141,3804.2840978660697
142,3836.0405286262394
143,3867.7132420225203
144,3899.2811831728272
145,3930.745582425068
146,3962.07795693325
147,3993.2721091376857
148,4024.3144133928204
149,4055.1912443464316
150,4085.888976968494
151,4116.38637230877
152,4146.6911615139725
153,4176.788605165203
154,4206.6788209759925
155,4236.354498766413
156,4265.823185537216
157,4295.062715390058
158,4324.080636349361
159,4352.862211928392
160,4381.40013454591
161,4409.672240488711
162,4437.671223323489
163,4465.389777204621
164,4492.805740179326
165,4519.919235941863
166,4546.715532082507
167,4573.18732513575
168,4599.327312224783
169,4625.128191053489
170,4650.582659895796
171,4675.675989232178
172,4700.4157351349295
173,4724.779740798299
174,4748.7607066196715
175,4772.358761826886
176,4795.55930311704
177,4818.355650822847
178,4840.733821042934
179,4862.694686949874
180,4884.231693709504
181,4905.330858450157
182,4925.993055282052
183,4946.211730214817
184,4965.972901125657
185,4985.277442778412
186,5004.111373391241
187,5022.475568006932
188,5040.363473412308
189,5057.761108109458
190,5074.669347339028
191,5091.081638003472
192,5106.983998642752
193,5122.369876112383
194,5137.24757391322
195,5151.603110421878
196,5165.43736062591
197,5178.751199409564
198,5191.545501542448
199,5203.7988566199
200,5215.526995858602
201,5226.715796955294
202,5237.358005881253
203,5247.431371787814
204,5256.943357096268
205,5265.86428235116
206,5274.20160973047
207,5281.94051625331
208,5289.073607192462
209,5295.63062948861
210,5301.596759912306
211,5306.979460232248
212,5311.793620531871
213,5316.0392741765545
214,5319.72388288294
215,5322.847480037395
216,5325.395242364834
217,5327.367203348701
218,5328.763396549065
219,5329.576427270364
220,5329.798900928796
221,5329.438279768865
222,5328.479741126852
223,5326.9307475455125
224,5324.798761734777
225,5322.083818231013
226,5318.778523404451
227,5314.89034051508
228,5310.419304664666
229,5305.372879497487
230,5299.743672147233
231,5293.539146632961
232,5286.766767150836
233,5279.41914136312
234,5271.496305435656
235,5263.013152372142
236,5253.954861893959
237,5244.343755571173
238,5234.1724416465
239,5223.448385110671
240,5212.171622623265
241,5200.342190832479
242,5187.974983043235
243,5175.070035782084
244,5161.627385462109
245,5147.661925046568
246,5133.18111896027
247,5118.177574700661
248,5102.6736129001565
249,5086.661840484725
250,5070.157149086233
251,5053.152061020268
252,5035.653619354127
253,5017.661354463042
254,4999.189652925847
255,4980.223187388171
256,4960.776343330701
257,4940.85607728601
258,4920.476773509161
259,4899.645387249535
260,4878.383729776316
261,4856.691326604554
262,4834.589987576698
263,4812.086665094206
264,4789.188310803846
265,4765.894447236269
266,4742.212024498376
267,4718.15542026829
268,4693.724154742654
269,4668.917747338251
270,4643.743145046386
271,4618.222150790215
272,4592.346853333159
273,4566.14648244381
274,4539.613125408656
275,4512.761153851738
276,4485.612367054043
277,4458.166278574442
278,4430.429829674464
279,4402.41738934365
280,4374.143325976048
281,4345.607150697539
282,4316.823230795538
283,4287.805933047778
284,4258.554767051422
285,4229.084098653735
286,4199.400864930802
287,4169.526859267275
288,4139.461589633421
289,4109.21199201343
290,4078.7998587817883
291,4048.2321253269834
292,4017.508298424821
293,3986.642741310432
294,3955.64981699702
295,3924.5290315924926
296,3893.2947477152834
297,3861.94647110581
298,3830.5059923876943
299,3798.9802453239563
300,3767.376163522375
301,3735.7080721785483
302,3703.990149896951
303,3672.229110166231
304,3640.4390946638564
305,3608.6342448981463
306,3576.813845497763
307,3544.9994659508034
308,3513.1978188393714
309,3481.415616524084
310,3449.6521427761563
311,3417.936394509572
312,3386.260226608513
313,3354.6452070583173
314,3323.098046821935
315,3291.618028167647
316,3260.226718047313
317,3228.930826322386
318,3197.74449079224
319,3166.6669921215494
320,3135.705038870008
321,3104.88762417286
322,3074.1991705700243
323,3043.6686701920385
324,3013.2879728920398
325,2983.078641384773
326,2953.0399527837913
327,2923.186040344056
328,2893.52360840509
329,2864.0593607378146
330,2834.8074288942053
331,2805.7670871588552
332,2776.9524659552662
333,2748.3628384531703
334,2720.0123339809065
335,2691.915081339344
336,2664.070352118834
337,2636.4848457703793
338,2609.1652612787025
339,2582.125725538611
340,2555.3729366832795
341,2528.906164115566
342,2502.73210524218
343,2476.8574571592826
344,2451.281488340057
345,2426.0108953747726
346,2401.0523746616277
347,2376.4051940988543
348,2352.0760498285904
349,2328.079066281
350,2304.413511168124
351,2281.0935753854938
352,2258.1262873735354
353,2235.5113137945395
354,2213.25574982112
355,2191.374119179113
356,2169.8586607883276
357,2148.716470554167
358,2127.9546447058824
359,2107.5728514832335
360,2087.5707595216077
361,2067.9554662349046
362,2048.7266411452783
363,2029.898810961579
364,2011.4567895028779
365,1993.4225328729672
366,1975.7882843275104
367,1958.561144392039
368,1941.7407858247607
369,1925.3268819774312
370,1909.3339635035536
371,1893.7468482617073
372,1878.5800681195633
373,1863.825870501439
374,1849.4913601362523
375,1835.5687856507584
376,1822.0652529624824
377,1808.987868569009
378,1796.321454485091
379,1784.080546680511
380,1772.2648249631877
381,1760.8665413127442
382,1749.8928049135336
383,1739.343297085381
384,1729.210271264528
385,1719.4934096848
386,1710.1998233582485
387,1701.329195355527
388,1692.8663524369947
389,1684.8184067860518
390,1677.185042591188
391,1669.96594438047
392,1663.1459403066829
393,1656.739572236079
394,1650.731668935404
395,1645.121916164381
396,1639.9099999682862
397,1635.0881783229988
398,1630.6635661833745
399,1626.6284220822724
400,1622.9824331837988
401,1619.725378163335
402,1616.8499725406539
403,1614.3564517145328
404,1612.2450513996487
405,1610.5011509409048
406,1609.124986731561
407,1608.1167955320566
408,1607.4693861411488
409,1607.1681394192158
410,1607.2281500645524
411,1607.6199431374728
412,1608.358614291265
413,1609.436974649031
414,1610.8478358844309
415,1612.5765819020896
416,1614.638310619919
417,1617.010978848095
418,1619.7022574724388
419,1622.6975330334303
420,1626.0044778578515
421,1629.6084799865457
422,1633.5023566035436
423,1637.6937824130573
424,1642.1681479133556
425,1646.9182728210465
426,1651.9444060923017
427,1657.2245125408292
428,1662.7736996564101
429,1668.562505766087
430,1674.5911835478648
431,1680.8599866380468
432,1687.3543129361105
433,1694.0818463582934
434,1701.020558385082
435,1708.1781348593333
436,1715.5474058777588
437,1723.1212024813042
438,1730.8923566419526
439,1738.861129596777
440,1747.012926778078
441,1755.3405828422153
442,1763.8295049445142
443,1772.479957762907
444,1781.2773500674698
445,1790.2145197395523
446,1799.2843053879474
447,1808.4795463135747
448,1817.8079391731521
449,1827.254896189854
450,1836.8132585151916
451,1846.4833399119107
452,1856.265629531676
453,1866.1383756553578
454,1876.1021120311345
455,1886.1425160828826
456,1896.2526939210857
457,1906.4257519535079
458,1916.647368496866
459,1926.90322209022
460,1937.2087048605501
461,1947.534638986462
462,1957.9038452194516
463,1968.2871459503906
464,1978.707362085129
465,1989.1353161153322
466,1999.5864006484119
467,2010.0462948841177
468,2020.5006779971163
469,2030.9500858215679
470,2041.380197436731
471,2051.7766918565717
472,2062.140104721847
473,2072.456114893099
474,2082.7252578479847
475,2092.940640629091
476,2103.102798545105
477,2113.1974101227074
478,2123.232438862276
479,2133.2084198429793
480,2143.1036030298096
481,2152.9333800843683
482,2162.6685725219263
483,2172.3171435747927
484,2181.8647714015106
485,2191.2971341491448
486,2200.6221950156696
487,2209.825632159973
488,2218.9005521139798
489,2227.8549181434223
490,2236.6744085062596
491,2245.3595582125436
492,2253.910902331253
493,2262.3289759961526
494,2270.6068860597334
495,2278.737739445815
496,2286.7220715001476
497,2294.54556093788
498,2302.2087432405106
499,2309.7047255987372
500,2317.0266152538597
501,2324.167484947414
502,2331.127697640472
503,2337.9001534137838
504,2344.485180688333
505,2350.8905362038613
506,2357.101691593932
507,2363.1264034611245
508,2368.9575715971882
509,2374.5880956527863
510,2380.0331601554626
511,2385.270807672988
512,2390.3162222795086
513,2395.1548743654344
514,2399.787090699774
515,2404.2131976893766
516,2408.4335213378113
517,2412.440958853364
518,2416.2284069571483
519,2419.8036185413266
520,2423.152060875683
521,2426.281485667311
522,2429.1847872681515
523,2431.854859335139
524,2434.3068798416775
525,2436.52631258796
526,2438.5283339665602
527,2440.3058344760548
528,2441.8591320893393
529,2443.188543872845
530,2444.301814308561
531,2445.1844018672746
532,2445.8514774371492
533,2446.2959258515207
534,2446.510630921987
535,2446.5107604743735
536,2446.2817678851247
537,2445.838818874393
538,2445.1747930483357
539,2444.297425647356
540,2443.1921657947437
541,2441.8816033014136
542,2440.3586135191536
543,2438.6160707497856
544,2436.669133306629
545,2434.518101776358
546,2432.1558473846176
547,2429.59009706422
548,2426.8211484237404
549,2423.8492981188124
550,2420.674841874669
551,2417.3128591964282
552,2413.7484272503766
553,2409.9962637337658
554,2406.063657163912
555,2401.9430385546093
556,2397.6342664936933
557,2393.1594838702536
558,2388.5036910990357
559,2383.6741729483097
560,2378.670785163998
561,2373.5082395446157
562,2368.1715338628387
563,2362.6753786892687
564,2357.0270556615055
565,2351.21156080236
566,2345.2436029886057
567,2339.1304622149005
568,2332.8645612567916
569,2326.4531790829965
570,2319.896165813902
571,2313.200799429252
572,2306.3743574230393
573,2299.4166884563383
574,2292.3276407086373
575,2285.1293469277102
576,2277.806797624863
577,2270.382124572892
578,2262.847745647622
579,2255.2109349216466
580,2247.4789659546705
581,2239.659111783109
582,2231.751216558372
583,2223.755123884758
584,2215.685533506908
585,2207.5422878952704
586,2199.325228932781
587,2191.041626251223
588,2182.7061772174848
589,2174.3038651689235
590,2165.8568145528134
591,2157.3648641123236
592,2148.8278519262453
593,2140.253043749422
594,2131.6402763038063
595,2123.0042423223545
596,2114.3447771429014
597,2105.6617154054484
598,2096.9623194012406
599,2088.2538507235254
600,2079.536141920596
601,2070.8238406074556
602,2062.101716538173
603,2053.3990679533144
604,2044.7006223349126
605,2036.0133915744946
606,2027.3518152909317
607,2018.70804745034
608,2010.0965264909855
609,2001.524261948138
610,1992.975977781796
611,1984.4809675594288
612,1976.023954285621
613,1967.6119455889964
614,1959.2668054085177
615,1950.965827229748
616,1942.7383026779105
617,1934.5763813560534
618,1926.487069339129
619,1918.469944166533
620,1910.5320115866436
621,1902.6877056014011
622,1894.9291751102035
623,1887.2559973559064
624,1879.682606319956
625,1872.2085793659385
626,1864.8409223343353
627,1857.5717845350298
628,1850.4230288911156
629,1843.3793768278106
630,1836.4552634645597
631,1829.6502675518946
632,1822.9639682086552
633,1816.41080165743
634,1809.9829195063328
635,1803.6873305312727
636,1797.5310440043536
637,1791.5136413703462
638,1785.6347046214219
639,1779.901244669599
640,1774.3128446661465
641,1768.8765167196868
642,1763.5844168607664
643,1758.4584151564238
644,1753.475812218571
645,1748.6584794157425
646,1744.0060037275641
647,1739.510544450029
648,1735.1791182492057
649,1731.0113141117586
650,1727.0215783954166
651,1723.194671274326
652,1719.5377448334816
653,1716.0579783684104
654,1712.755123481537
655,1709.6363607771134
656,1706.6865864541298
657,1703.9204107516412
658,1701.3375878406887
659,1698.9378725182596
660,1696.721020200958
661,1694.6867869190685
662,1692.8423576614266
663,1691.1800613200126
664,1689.707084087166
665,1688.423184402069
666,1687.3206929491173
667,1686.4067977083089
668,1685.6886872557432
669,1685.151265715324
670,1684.809151214485
671,1684.6546774379992
672,1684.6876070361573
673,1684.9077032833416
674,1685.3147300884984
675,1685.9158803575017
676,1686.7034909561232
677,1687.6773277760713
678,1688.8297290512837
679,1690.1753187771478
680,1691.7064366285524
681,1693.4154230314239
682,1695.3020475348633
683,1697.3735088340193
684,1699.6295780932835
685,1702.0551706204221
686,1704.6574876427223
687,1707.4363029312324
688,1710.391391176428
689,1713.5225280136162
690,1716.8220616979006
691,1720.2897698295171
692,1723.9254310278607
693,1727.7288249550195
694,1731.692303988136
695,1735.8230782916683
696,1740.0986457361403
697,1744.541075419458
698,1749.1278674811513
699,1753.873664970641
700,1758.7633987086485
701,1763.7969180568907
702,1768.96688784643
703,1774.2808914663763
704,1779.739085161834
705,1785.3193413362892
706,1791.0441037043904
707,1796.8912470870991
708,1802.8609325596901
709,1808.9607507446071
710,1815.1760084014506
711,1821.5068701668672
712,1827.9609301906605
713,1834.5160703686768
714,1841.179887126805
715,1847.9525496496847
716,1854.8193715084756
717,1861.7805240380706
718,1868.8361796111237
719,1875.9790832607944
720,1883.2094093528551
721,1890.5199048555698
722,1897.9107460095138
723,1905.3821099457543
724,1912.926746303311
725,1920.5448338968306
726,1928.2291239828978
727,1935.9797969271565
728,1943.7970338206728
729,1951.6587313959542
730,1959.579928796046
731,1967.5533807401061
732,1975.5644141921198
733,1983.6206417308915
734,1991.7148197687034
735,1999.832276872501
736,2007.9880554872336
737,2016.1600567569365
738,2024.3558956516401
739,2032.5683308419368
740,2040.7901213769971
741,2049.0140266635963
742,2057.2402347969073
743,2065.4689341923413
744,2073.6854568686686
745,2081.8899918341563
746,2090.0753000224486
747,2098.2415709811225
748,2106.3815661606304
749,2114.4954756055336
750,2122.5760612459644
751,2130.616117808182
752,2138.6085705103787
753,2146.5612340564185
754,2154.4670666633256
755,2162.3190267581313
756,2170.110072974715
757,2177.85544920172
758,2185.5406861281654
759,2193.166171342338
760,2200.7248642783115
761,2208.217152913446
762,2215.63599706446
763,2222.981785083924
764,2230.24004880479
765,2237.4111769358024
766,2244.495558354426
767,2251.478725398646
768,2258.368495609293
769,2265.142973268021
770,2271.8174045378487
771,2278.377322297691
772,2284.8156878787845
773,2291.1403193984715
774,2297.336749990792
775,2303.4053695378434
776,2309.3539962978966
777,2315.1755918312774
778,2320.8705460260053
779,2326.4392487207265
780,2331.874661325991
781,2337.184601844908
782,2342.354603090266
783,2347.392482752943
784,2352.283773265942
785,2357.0288635199295
786,2361.6132854253656
787,2366.044855625875
788,2370.3165337082364
789,2374.4138505131286
790,2378.3520498462954
791,2382.1166616360247
792,2385.7155003441144
793,2389.1415231737283
794,2392.3951150793173
795,2395.4692320255194
796,2398.3716859977067
797,2401.1028599115966
798,2403.6557075743367
799,2406.0380386972242
800,2408.2428054577153
801,2410.2703708157956
802,2412.1284583837805
803,2413.8024890880056
804,2415.3001679374447
805,2416.606913892447
806,2417.715573237766
807,2418.626419556462
808,2419.339725355513
809,2419.8483336934355
810,2420.152514860733
811,2420.252538011691
812,2420.1635278490535
813,2419.8783228590855
814,2419.40461705127
815,2418.7501032483656
816,2417.9150447288034
817,2416.8922752213716
818,2415.6820556023836
819,2414.2772171937613
820,2412.670590113703
821,2410.8550032788476
822,2408.830712758337
823,2406.590545078656
824,2404.1421822811535
825,2401.493305229599
826,2398.6441652691624
827,2395.6024409371726
828,2392.368381273768
829,2388.957090884556
830,2385.368816552125
831,2381.6038039495306
832,2377.6548693033556
833,2373.514827757459
834,2369.1913500870223
835,2364.669820960767
836,2359.943052355212
837,2355.018711917851
838,2349.904466279134
839,2344.585696013651
840,2339.09235080367
841,2333.4172375969356
842,2327.5680190681596
843,2321.544928577125
844,2315.370483577614
845,2309.0226304720964
846,2302.516456470409
847,2295.8373344424026
848,2288.992921373538
849,2281.976016616453
850,2274.779418593241
851,2267.4181537332547
852,2259.88473803021
853,2252.186487133566
854,2244.3232874095643
855,2236.3173093395003
856,2228.1535807142905
857,2219.8542701329056
858,2211.419260195793
859,2202.848432550613
860,2194.141667886909
861,2185.306274280824
862,2176.3347021387235
863,2167.2416859428536
864,2158.0196741443942
865,2148.668542559294
866,2139.203022713748
867,2129.608131738447
868,2119.8911708167184
869,2110.059440130922
870,2100.105382159971
871,2090.036295079327
872,2079.8594760605843
873,2069.567364572229
874,2059.1746841334248
875,2048.6813005666404
876,2038.0945070537105
877,2027.4141674421262
878,2016.662429654378
879,2005.8242988958775
880,1994.9144928187538
881,1983.9254430832973
882,1972.8718654743043
883,1961.7461898160889
884,1950.5482733916401
885,1939.2854009624116
886,1927.9574280892139
887,1916.5642095054188
888,1905.1204558419208
889,1893.6111635515533
890,1882.058470088638
891,1870.4547987853377
892,1858.807428982985
893,1847.116211012285
894,1835.3958512760576
895,1823.6313421806478
896,1811.8448173219147
897,1800.028696367423
898,1788.1902551929759
899,1776.3367692176234
900,1764.4680850892773
901,1752.584015176415
902,1740.6990926208698
903,1728.812959656976
904,1716.9252582428137
905,1705.043058446337
906,1693.1660017804131
907,1681.3085862886785
908,1669.4630248288559
909,1657.6363868579485
910,1645.8283134147187
911,1634.0458738526302
912,1622.2961375211798
913,1610.578745446309
914,1598.8933387103423
915,1587.2395584806563
916,1575.6319027377988
917,1564.0625845507757
918,1552.531245503495
919,1541.052384069356
920,1529.6256422334902
921,1518.2432338651577
922,1506.9196581398269
923,1495.6619861582067
924,1484.4550042647754
925,1473.3206408678436
926,1462.2511113044513
927,1451.253487958164
928,1440.334843574071
929,1429.4948229233112
930,1418.733071167443
931,1408.0492338719941
932,1397.4578137200094
933,1386.9510287734406
934,1376.5359542367007
935,1366.2122374179783
936,1355.979526091384
937,1345.8448968590278
938,1335.8079984623423
939,1325.8759084944943
940,1316.0408483617084
941,1306.3173250468208
942,1296.6975610203838
943,1287.188636004892
944,1277.7902019374217
945,1268.509339684002
946,1259.3382740032503
947,1250.2915153125646
948,1241.3612896021548
949,1232.5472518521808
950,1223.8639143997648
951,1215.303514133428
952,1206.8657526969882
953,1198.5577697233255
954,1190.3718488745822
955,1182.3225596132324
956,1174.4021871209404
957,1166.6178740706728
958,1158.9619072470102
959,1151.4414309688584
960,1144.0635904109918
961,1136.820674925866
962,1129.7198314671257
963,1122.7607795614774
964,1115.9432396815996
965,1109.266933268747
966,1102.7315827552216
967,1096.3443399368596
968,1090.0975009441972
969,1083.9982196649742
970,1078.0462227143753
971,1072.2338094554268
972,1066.5681370694524
973,1061.048935524249
974,1055.6833642926508
975,1050.4562989686501
976,1045.3749013849915
977,1040.4463345774252
978,1035.662906098045
979,1031.024353078652
980,1026.537842242093
981,1022.1956848615167
982,1017.997621819766
983,1013.9433952663655
984,1010.0401769735824
985,1006.2802832900429
986,1002.6634601943896
987,999.1968832967351
988,995.872872787912
989,992.691178488786
990,989.6515514971537
991,986.7537441835068
992,984.0049385356938
993,981.390032751031
994,978.9236396799082
995,976.5906600144485
996,974.3982807297836
997,972.3462616715143
998,970.4343638934289
999,968.6549212938047
1000,967.0151256518749
1001,965.4999298149523
1002,964.1241809947074
1003,962.8730590886586
1004,961.7540301617389
1005,960.7522763276223
1006,959.8826941829772
1007,959.1304679877456
1008,958.5030680990204
1009,958.0005375521115
1010,957.60806369237
1011,957.3405482588574
1012,957.1831805646611
1013,957.136007580942
1014,957.2139339197578
1015,957.3947233654736
1016,957.6932823608047
1017,958.1096615390334
1018,958.6290557084337
1019,959.2589455884298
1020,959.9993843940097
1021,960.8429978216569
1022,961.7898407363011
1023,962.8251121075414
1024,963.9637250986281
1025,965.1834519021892
1026,966.4992072311757
1027,967.8961931554984
1028,969.374469192815
1029,970.9489522981825
1030,972.5974184022682
1031,974.3347859040725
1032,976.1462605091037
1033,978.0467620219423
1034,980.0214975348804
1035,982.0779598703188
1036,984.2013574698484
1037,986.3843277856995
1038,988.6417939714795
1039,990.9589664203806
1040,993.3284845060319
1041,995.7578449219259
1042,998.2396882690994
1043,1000.7666557447453
1044,1003.3536741804514
1045,1005.9859575772433
1046,1008.6635771931303
1047,1011.3866048278506
1048,1014.1551128072681
1049,1016.9617456166254
1050,1019.806576583624
1051,1022.6822842476709
1052,1025.5891083054103
1053,1028.5273219757248
1054,1031.4971988902453
1055,1034.4841563704756
1056,1037.495897155668
1057,1040.5252676272055
1058,1043.5725428340108
1059,1046.6305697657629
1060,1049.7070523764478
1061,1052.7948381552933
1062,1055.8942031486224
1063,1058.9979952296937
1064,1062.1064907688212
1065,1065.2125379018523
1066,1068.3238415493117
1067,1071.4258216330477
1068,1074.5336114954414
1069,1077.6252027142796
1070,1080.7157285721082
1071,1083.7906088706636
1072,1086.8575483492143
1073,1089.901966549651
1074,1092.93156788467
1075,1095.9391998533788
1076,1098.9325664094224
1077,1101.8970861772063
1078,1104.8404625213057
1079,1107.7481134133936
1080,1110.6351698530073
1081,1113.4870490352369
1082,1116.3040244226468
1083,1119.0863690159995
1084,1121.8343553263414
1085,1124.5408269977468
1086,1127.2060554817776
1087,1129.8303116621921
1088,1132.4064374806896
1089,1134.934702614472
1090,1137.4153761041334
1091,1139.848726332907
1092,1142.2275926567597
1093,1144.5522420863456
1094,1146.8229409193075
1095,1149.039954723913
1096,1151.1961199735063
1097,1153.2991290829968
1098,1155.3418169946058
1099,1157.31701786608
1100,1159.239850110084
1101,1161.0882870989328
1102,1162.8774332090877
1103,1164.592676108369
1104,1166.2491160325624
1105,1167.832138975892
1106,1169.3419867855773
1107,1170.786328805162
1108,1172.1505484675406
1109,1173.4497417411264
1110,1174.6692903225837
1111,1175.8168600835647
1112,1176.8852593146348
1113,1177.8821521215732
1114,1178.800345019739
1115,1179.6400719801968
1116,1180.4015660747943
1117,1181.0850594713988
1118,1181.6907834289907
1119,1182.2115399423294
1120,1182.6475584371494
1121,1183.0064957646157
1122,1183.2811511447555
1123,1183.471751211105
1124,1183.585950004303
1125,1183.6091155643803
1126,1183.5414716749935
1127,1183.3980978561065
1128,1183.171787605135
1129,1182.8553334398262
1130,1182.4638119408858
1131,1181.982585291899
1132,1181.419299722566
1133,1180.7741720990512
1134,1180.0399899152364
1135,1179.2243963346837
1136,1178.3276051311043
1137,1177.3424006796436
1138,1176.2764229990444
1139,1175.1298826924983
1140,1173.888132589248
1141,1172.5736661885114
1142,1171.1718341495393
1143,1169.6902710866275
1144,1168.1217538113965
1145,1166.4739147279086
1146,1164.7469567766818
1147,1162.941081780422
1148,1161.0490620900216
1149,1159.0785256323913
1150,1157.029670857677
1151,1154.9026624784383
1152,1152.6975336396129
1153,1150.4217120995786
1154,1148.0603394410834
1155,1145.628269526036
1156,1143.1180700479104
1157,1140.5371642882822
1158,1137.8855460725076
1159,1135.1632081275568
1160,1132.3701420907437
1161,1129.506338519609
1162,1126.579215253182
1163,1123.5813323733669
1164,1120.5201056191668
1165,1117.3955213502268
1166,1114.2001365621547
1167,1110.9413639535833
1168,1107.6191868926749
1169,1104.2410161357732
1170,1100.799404795644
1171,1097.3017617622495
1172,1093.7480666724955
1173,1090.138298281633
1174,1086.472434485005
1175,1082.7504523403118
1176,1078.9797564405822
1177,1075.1603222367728
1178,1071.284696061183
1179,1067.3677085521056
1180,1063.4019045761504
1181,1059.3872566531657
1182,1055.3311649801992
1183,1051.233600754922
1184,1047.0945345497153
1185,1042.9139363353522
1186,1038.6917755044753
1187,1034.435449245065
1188,1030.144925862855
1189,1025.8201731541471
1190,1021.4537300777491
1191,1017.0678485279877
1192,1012.6476382037863
1193,1008.2004934315235
1194,1003.733808134663
1195,999.240119153146
1196,994.7193913135344
1197,990.1790174479133
1198,985.6263900620571
1199,981.054044652868
1200,976.4619447766075
1201,971.8574540113609
1202,967.2403951094261
1203,962.6105625275658
1204,957.9751788477494
1205,953.3266097420084
1206,948.6720773887785
1207,944.0113754372705
1208,939.351725722918
1209,934.6929215817012
1210,930.027327864895
1211,925.3621660045432
1212,920.7046573277098
1213,916.0471663708096
1214,911.396914295564
1215,906.7611222036384
1216,902.124726101252
1217,897.5023753665598
1218,892.8938626640968
1219,888.2989806615802
1220,883.7100936963457
1221,879.1492795437156
1222,874.5940459320611
1223,870.0664707638485
1224,865.5514902814298
1225,861.0637542383438
1226,856.5956274671441
1227,852.1543316507504
1228,847.7396602923279
1229,843.3588354369382
1230,839.0042226424496
1231,834.6756160524412
1232,830.3802384188285
1233,826.1253127746853
1234,821.8957774069778
1235,817.706284332176
1236,813.5492008687021
1237,809.431751412669
1238,805.3537324118608
1239,801.314940740904
1240,797.3151737263197
1241,793.3616575219039
1242,789.4541904333706
1243,785.5851429434466
1244,781.7617427876039
1245,777.9837899281154
1246,774.2585132791157
1247,770.5782856801053
1248,766.9503373208287
1249,763.3670423637166
1250,759.8430607180766
1251,756.363338880489
1252,752.9351062176165
1253,749.5655921272387
1254,746.2471700883401
1255,742.9870710816889
1256,739.7850985578439
1257,736.6410568052958
1258,733.5547509674619
1259,730.5185587084957
1260,727.55457197964
1261,724.6403135308477
1262,721.7904487766575
1263,719.0047873565571
1264,716.2757114963356
1265,713.6104610689158
1266,711.0014202024291
1267,708.463259039535
1268,705.9883636430054
1269,703.5765494028399
1270,701.2276326911879
1271,698.9414308666056
1272,696.7251906276798
1273,694.5713029648067
1274,692.4788453776395
1275,690.455067546098
1276,688.4975632900125
1277,686.6061559290982
1278,684.7806697768383
1279,683.0209301388749
1280,681.327506145911
1281,679.7002250810806
1282,678.138915211984
1283,676.6434057873496
1284,675.2135270333927
1285,673.8498529849527
1286,672.5514729763324
1287,671.3189629771615
1288,670.1514142479562
1289,669.0486618407926
1290,668.0120274299093
1291,667.0398622971495
1292,666.1320043377526
1293,665.288292386023
1294,664.5093090461767
1295,663.7926665131614
1296,663.1396920839675
1297,662.5487426386393
1298,662.0204044818479
1299,661.5530363292993
1300,661.1464834795785
1301,660.8006161747699
1302,660.5146588638373
1303,660.2878609334059
1304,660.119472671219
1305,660.0109737685549
1306,659.9593878024007
1307,659.9654534181561
1308,660.0284244818856
1309,660.1475557477501
1310,660.3213600202887
1311,660.5505794917041
1312,660.8337287287347
1313,661.1700660095718
1314,661.5588504853976
1315,661.9993421766535
1316,662.4908019689639
1317,663.0324916086714
1318,663.6236736979395
1319,664.2636116893772
1320,664.950827045119
1321,665.6853277354445
1322,666.4663797266492
1323,667.2917641383304
1324,668.1614914101559
1325,669.0740871176835
1326,670.0288204676567
1327,671.0249614524541
1328,672.06103800377
1329,673.1355788155656
1330,674.2485990012522
1331,675.3986287399246
1332,676.5834560969206
1333,677.8038411836803
1334,679.0575734614888
1335,680.343185899764
1336,681.6606977934778
1337,683.0079005696849
1338,684.3848147786018
1339,685.7892330636948
1340,687.2196914813566
1341,688.6762123148798
1342,690.156589877695
1343,691.6601046663122
1344,693.1845519975366
1345,694.729956160453
1346,696.2941133827339
1347,697.8763059818648
1348,699.4743310008441
1349,701.0882143588605
1350,702.7157538164977
1351,704.3562564489043
1352,706.0083800843262
1353,707.673034650828
1354,709.3414734681877
1355,711.024263789066
1356,712.7141450230725
1357,714.4112851031058
1358,716.1158521108123
1359,717.8205859023061
1360,719.5256547849467
1361,721.2312271437055
1362,722.9448997684116
1363,724.6519844301589
1364,726.3600779606484
1365,728.0693488294943
1366,729.7651087727648
1367,731.4623828737707
1368,733.1539110911191
1369,734.8324332897896
1370,736.5129742727361
1371,738.1734169602706
1372,739.8287858744709
1373,741.4718203196093
1374,743.102687766092
1375,744.7141271333958
1376,746.3137338247352
1377,747.901674660692
1378,749.4706878640343
1379,751.0209397454491
1380,752.5451679886655
1381,754.0583950374356
1382,755.5459296300942
1383,757.0079368876668
1384,758.4445816002417
1385,759.8634565643223
1386,761.2572975193777
1387,762.6188398358051
1388,763.955675203024
1389,765.2605382161646
1390,766.5410197648223
1391,767.7898536198458
1392,769.0072014718793
1393,770.200652919131
1394,771.3555120540931
1395,772.4719392024402
1396,773.5575225603344
1397,774.6124214813678
1398,775.6219381136318
1399,776.6010874883953
1400,777.535170705135
1401,778.4392043483956
1402,779.2985015564525
1403,780.1206625756852
1404,780.9058587180102
1405,781.6468323471523
1406,782.3437535652803
1407,782.9967918487745
1408,783.6135443843923
1409,784.1793226540993
1410,784.7091508725943
1411,785.1883391710478
1412,785.6244820345859
1413,786.0103165367999
1414,786.3534357265623
1415,786.6465752129367
1416,786.8973265522133
1417,787.098423833112
1418,787.2574570641896
1419,787.3671587594895
1420,787.4276889762242
1421,787.4392069517827
1422,787.4018710913487
1423,787.3232673061734
1424,787.1886956010386
1425,787.0057401646983
1426,786.774555958339
1427,786.4878687055882
1428,786.1532599338602
1429,785.7708819148164
1430,785.3408860064723
1431,784.8559942954772
1432,784.3237846410901
1433,783.7369772681259
1434,783.1031481626375
1435,782.415015666352
1436,781.6801538738736
1437,780.8912792286603
1438,780.0485355715346
1439,779.1594941392266
1440,778.2242968632038
1441,777.2356563697808
1442,776.1937126815036
1443,775.0986048685487
1444,773.9578994013729
1445,772.7643051031002
1446,771.5179582041258
1447,770.226422346664
1448,768.882403539221
1449,767.4860352132117
1450,766.0448782294452
1451,764.5590465640674
1452,763.0211544543007
1453,761.4312259689841
1454,759.7967126378453
1455,758.1176367600915
1456,756.3940197641704
1457,754.6258822176609
1458,752.8058154872571
1459,750.9412668000598
1460,749.0322542036398
1461,747.0787949273373
1462,745.0809053935093
1463,743.0386012289475
1464,740.9518972764295
1465,738.820807606372
1466,736.6527738788113
1467,734.4403803044286
1468,732.1910670573476
1469,729.8974168859307
1470,727.5594401753032
1471,725.1920033093339
1472,722.7802585808133
1473,720.3242143045574
1474,717.8387348289334
1475,715.308970445794
1476,712.7497842038201
1477,710.1537534680141
1478,707.5208833318474
1479,704.8586066283124
1480,702.1594988901364
1481,699.4309917616616
1482,696.6656596086543
1483,693.8709329300522
1484,691.0542416681674
1485,688.2007301686065
1486,685.3252556426804
1487,682.4129613760676
1488,679.4787035415069
1489,676.5224811080367
1490,673.5331500269305
1491,670.521850818728
1492,667.4870953380812
1493,664.4296234854205
1494,661.3494318781853
1495,658.2480023674186
1496,655.1260735444265
1497,651.9851264227964
1498,648.825155945551
1499,645.6476423377534
1500,642.4533226142356
1501,639.2429139030585
1502,636.0185405549496
1503,632.7793357210198
1504,629.5266607367865
1505,626.2618766316327
1506,622.9848584736678
1507,619.6962238901015
1508,616.3973330829305
1509,613.088803174967
1510,609.7712510613294
1511,606.4452934262958
1512,603.1137752656111
1513,599.7758272238873
1514,596.4335511277897
1515,593.0883058292152
1516,589.7399643889012
1517,586.3898854354655
1518,583.0394275145868
1519,579.6884634384469
1520,576.3383516455642
1521,572.989707715663
1522,569.643147224826
1523,566.299285765773
1524,562.9594818032859
1525,559.6243510246455
1526,556.2952520302198
1527,552.9720578489462
1528,549.6561272989705
1529,546.3488193380821
1530,543.0500074140577
1531,539.7610508250317
1532,536.4818233995014
1533,533.2144276913618
1534,529.9587379894339
1535,526.7153716769741
1536,523.4856892507904
1537,520.2688229999253
1538,517.06761970428
1539,513.8819551374282
1540,510.7124482593643
1541,507.55971839866504
1542,504.4258709392655
1543,501.3100403265561
1544,498.21433276333045
1545,495.13788354482335
1546,492.0827997536214
1547,489.0497032636892
1548,486.03773075400426
1549,483.04899073179115
1550,480.0833636998851
1551,477.1414690169187
1552,474.2239085980385
1553,471.3320232365292
1554,468.46492576597984
1555,465.6239580802767
1556,462.80971980283715
1557,460.0228111304698
1558,457.2638328417323
1559,454.5333863048258
1560,451.8313306500234
1561,449.1582684467526
1562,446.5155457102313
1563,443.90228056762817
1564,441.3205631091487
1565,438.76951271342324
1566,436.2504778979707
1567,433.76257931406354
1568,431.30716676164894
1569,428.8848478537963
1570,426.49474518602665
1571,424.13895335064524
1572,421.81585342555314
1573,419.52679849338483
1574,417.272399470195
1575,415.0525251091878
1576,412.8670448394085
1577,410.7173144394161
1578,408.60320470077386
1579,406.5253299366986
1580,404.48281948055427
1581,402.47703186454817
1582,400.507840648187
1583,398.57512009192146
1584,396.6787451607573
1585,394.8185915278808
1586,392.9960212483474
1587,391.21016858760163
1588,389.46091136522114
1589,387.74887095855007
1590,386.07392663625905
1591,384.43595839694166
1592,382.8355898076572
1593,381.27195950229964
1594,379.74569252504847
1595,378.2566718285288
1596,376.80403827690697
1597,375.389161988923
1598,374.0111853304824
1599,372.66925142225665
1600,371.36547548206346
1601,370.0975283664235
1602,368.86610059191014
1603,367.6711524920104
1604,366.5126451633723
1605,365.3905404664409
1606,364.30405819065635
1607,363.25390455931387
1608,362.2393008887845
1609,361.2602120924236
1610,360.31660384386987
1611,359.4084425748383
1612,358.53569547236356
1613,357.6975876404537
1614,356.89408776623725
1615,356.12516528044375
1616,355.3907903523065
1617,354.6901910488319
1618,354.02333899852965
1619,353.3894637144286
1620,352.78853825657774
1621,352.220536388864
1622,351.6846897352247
1623,351.18097344034396
1624,350.70862048966626
1625,350.2676073689449
1626,349.8579112181677
1627,349.4780241499293
1628,349.12866741247325
1629,348.8090772020046
1630,348.51849031972444
1631,348.2568869934152
1632,348.0235051935583
1633,347.8175834541664
1634,347.63984652831425
1635,347.48879119820174
1636,347.363657600188
1637,347.26517204452955
1638,347.19183282478707
1639,347.14362437733706
1640,347.11978876057486
1641,347.1195684741469
1642,347.14294927814734
1643,347.1891745072404
1644,347.2582307249161
1645,347.3486192026893
1646,347.46032724457194
1647,347.59259966649853
1648,347.7446816160082
1649,347.91656139210875
1650,348.106741925245
1651,348.3152275209442
1652,348.5420844301071
1653,348.7851660748807
1654,349.0460402966304
1655,349.3225609920202
1656,349.6140679448086
1657,349.92138681276407
1658,350.24311493975114
1659,350.5793355183611
1660,350.92864623760835
1661,351.2911306111089
1662,351.6653866253331
1663,352.0522409033438
1664,352.4502916835061
1665,352.8588801486769
1666,353.27734758047825
1667,353.7057781838117
1668,354.14351340646306
1669,354.5891519288999
1670,355.04277815926156
1671,355.50373371828846
1672,355.97136026441655
1673,356.44499948388136
1674,356.9247359158556
1675,357.40916843746646
1676,357.8983815939418
1677,358.39171708350534
1678,358.8892594172985
1679,359.3888645690253
1680,359.8906169747
1681,360.3953438520225
1682,360.9001581794643
1683,361.40588703554346
1684,361.91187174245067
1685,362.41745352466137
1686,362.92197349724745
1687,363.4247726539318
1688,363.92593468990407
1689,364.4248003192947
1690,364.9199672624339
1691,365.4115187379231
1692,365.89953777932567
1693,366.3818787165861
1694,366.8601098424904
1695,367.3313422134335
1696,367.79714365556106
1697,368.2561104001829
1698,368.7068384093814
1699,369.15015186646593
1700,369.58538898612704
1701,370.01189287657667
1702,370.42902714536206
1703,370.8369030989211
1704,371.2348888508564
1705,371.6230949772612
1706,372.0001459970272
1707,372.36615169747597
1708,372.72047861500135
1709,373.06397852608677
1710,373.3945314233625
1711,373.7129881823156
1712,374.01797070296493
1713,374.30958607221373
1714,374.5879408814394
1715,374.85239837955413
1716,375.1030641316182
1717,375.33855750283647
1718,375.5589829882641
1719,375.76518736794696
1720,375.95504552254494
1721,376.1301459399046
1722,376.289105191801
1723,376.4312821016583
1724,376.55826340783665
1725,376.66792107731465
1726,376.76035498042205
1727,376.83640721597186
1728,376.8946907669873
1729,376.93530367229323
1730,376.95834335356017
1731,376.96316377798854
1732,376.9498611266655
1733,376.9177881234008
1734,376.8670397042187
1735,376.7969673472814
1736,376.7091504134657
1737,376.6021963021404
1738,376.47619746271147
1739,376.3312457263766
1740,376.1674323083068
1741,375.98484781016697
1742,375.78283938791606
1743,375.56149642494904
1744,375.320164865369
1745,375.0604185576018
1746,374.7801165778679
1747,374.4800887491987
1748,374.1611643052152
1749,373.82120055395694
1750,373.4625112320828
1751,373.0836878829964
1752,372.6855202193302
1753,372.26804710830095
1754,371.8305640159989
1755,371.3731086810795
1756,370.8964611182801
1757,370.39991511671946
1758,369.8835067481962
1759,369.34727153522516
1760,368.7919872889577
1761,368.2169456068342
1762,367.62218038021894
1763,367.008467796798
1764,366.37509783774755
1765,365.7235884549584
1766,365.0532285628565
1767,364.36404938036
1768,363.65682443264427
1769,362.93158388278556
1770,362.188357368434
1771,361.4271740034418
1772,360.64806237950154
1773,359.8517934028488
1774,359.03765179093585
1775,358.2071502494103
1776,357.3588296289307
1777,356.49420160752976
1778,355.6132916828325
1779,354.7153820096908
1780,353.8019827431662
1781,352.87237503156837
1782,351.92732519510906
1783,350.9668562247233
1784,349.99173345641435
1785,349.0012360708979
1786,347.9968712738961
1787,346.9786601266537
1788,345.9458803870952
1789,344.9000378565661
1790,343.841152211871
1791,342.7684998479963
1792,341.683585226447
1793,340.58642670890487
1794,339.47629940158146
1795,338.35470650518926
1796,337.22092231519974
1797,336.07644924292805
1798,334.9205608168316
1799,333.754758704606
1800,332.57831571545813
1801,331.39272149893674
1802,330.1979344105187
1803,328.9939011679615
1804,327.78131102460213
1805,326.5608529487436
1806,325.3324728033412
1807,324.09611619600025
1808,322.85247132919807
1809,321.6014833456122
1810,320.34384001369085
1811,319.0794860732215
1812,317.8091089210575
1813,316.53265295675703
1814,315.25080526829584
1815,313.9642528126342
1816,312.67293959617325
1817,311.37755236013754
1818,310.07803492566853
1819,308.7750738787942
1820,307.46861291504
1821,306.15933852384984
1822,304.84793716761163
1823,303.53360962531156
1824,302.2170423459679
1825,300.8996646265488
1826,299.5806772844058
1827,298.26076684451033
1828,296.94061988108064
1829,295.6209230288178
1830,294.30087732364626
1831,292.982655223209
1832,291.6654579365694
1833,290.34997244382635
1834,289.0361430000776
1835,287.7246568140927
1836,286.41620122151323
1837,285.1099780226454
1838,283.80741766506947
1839,282.5077222406377
1840,281.2123225024609
1841,279.92116369633743
1842,278.634191237103
1843,277.35283638475624
1844,276.0763020752187
1845,274.80527710118315
1846,273.54045044766167
1847,272.28251129748907
1848,271.02992053168936
1849,269.78485341508986
1850,268.5465140865114
1851,267.315587673904
1852,266.0927399284182
1853,264.87714626134533
1854,263.67021082542146
1855,262.4718523455573
1856,261.2827326299268
1857,260.10202807108504
1858,258.93114382748
1859,257.7692568198961
1860,256.61851558343983
1861,255.47661192432452
1862,254.34569494743224
1863,253.22568554857855
1864,252.1165049273021
1865,251.0180745947983
1866,249.9303163820618
1867,248.85463811827637
1868,247.79096229923633
1869,246.73846893105508
1870,245.69856687909106
1871,244.67117970176588
1872,243.65548849462397
1873,242.65290323953027
1874,241.66260580364994
1875,240.6860069587285
1876,239.72228938003795
1877,238.7721218305292
1878,237.8354306646807
1879,236.91214267230617
1880,236.00218508715858
1881,235.10697126537147
1882,234.22568651847345
1883,233.35825946134116
1884,232.50461918470629
1885,231.66543809735612
1886,230.84138909789704
1887,230.03091707605023
1888,229.23543876374902
1889,228.45414289541432
1890,227.68770438803162
1891,226.93605584051008
1892,226.1998732076285
1893,225.47834729830453
1894,224.77141228344647
1895,224.07974569815747
1896,223.4032827733064
1897,222.74195927159133
1898,222.0957114879935
1899,221.46447624965165
1900,220.84893375018808
1901,220.24754084594522
1902,219.66174481214233
1903,219.09076958256236
1904,218.53532528422022
1905,217.99463689391098
1906,217.469415574489
1907,216.95888733050558
1908,216.46302150860745
1909,215.98327362750223
1910,215.51812836239762
1911,215.0675565494222
1912,214.6322723445871
1913,214.21150471244894
1914,213.80522592470885
1915,213.41415155355818
1916,213.0375119598067
1917,212.67528079105284
1918,212.3274321396807
1919,211.9946833708659
1920,211.67552377544976
1921,211.37067157308397
1922,211.08010256517798
1923,210.8030501280236
1924,210.54097654612227
1925,210.29163032533756
1926,210.05573170161745
1927,209.8340012945532
1928,209.6249315961406
1929,209.4292439749531
1930,209.24691733026185
1931,209.0771880864584
1932,208.91929302270646
1933,208.77469777284878
1934,208.64189697526498
1935,208.52161411327495
1936,208.4130873354275
1937,208.31629795616496
1938,208.23122761654713
1939,208.15711544511947
1940,208.0939437239821
1941,208.04169504988704
1942,208.00035233044306
1943,207.96989878037832
1944,207.94883224778425
1945,207.93787938554087
1946,207.93702430749482
1947,207.94550858468722
1948,207.96331691155373
1949,207.9896914319173
1950,208.02461740494698
1951,208.06883152060826
1952,208.12087551423394
1953,208.18078537787656
1954,208.24859736565566
1955,208.32434798859677
1956,208.40733117416127
1957,208.49758393054756
1958,208.595143505596
1959,208.69930454535825
1960,208.81010475739166
1961,208.92758206862115
1962,209.0502889478082
1963,209.17974940784953
1964,209.31451631735186
1965,209.45388556715974
1966,209.59938173143925
1967,209.74955821317454
1968,209.90371140961102
1969,210.0633663722829
1970,210.22633411646365
1971,210.39339712573235
1972,210.56459516589987
1973,210.73848243876685
1974,210.91584174578716
1975,211.09671313628786
1976,211.27965106057238
1977,211.46469569798677
1978,211.65188727470334
1979,211.84052321642812
1980,212.03138664113933
1981,212.22303217158944
1982,212.41624293307774
1983,212.6103163659778
1984,212.80454988350124
1985,212.99972652955518
1986,213.19440079155075
1987,213.38935559864225
1988,213.58388813487707
1989,213.77729549773412
1990,213.97036035690243
1991,214.16237960317483
1992,214.3526500077795
1993,214.54046821196994
1994,214.72735922201755
1995,214.91113371927239
1996,215.09331640103173
1997,215.27246045630193
1998,215.44786173228823
1999,215.62104439619347
2000,215.78981824715373
2001,215.95571134822546
2002,216.11729737170833
2003,216.27463973495398
2004,216.42780163477576
2005,216.57684604148884
2006,216.7210928582826
2007,216.859861750987
2008,216.9939578131941
2009,217.12270022154186
2010,217.2461507364677
2011,217.36362802811243
2012,217.47519334257697
2013,217.5801648283133
2014,217.679346037848
2015,217.7720545845185
2016,217.85760780952103
2017,217.9375512841237
2018,218.00971612671856
2019,218.07564735041692
2020,218.13391834523745
2021,218.18533072074234
2022,218.22994296342307
2023,218.26632759916723
2024,218.29528536586145
2025,218.31687387073848
2026,218.3296647527522
2027,218.33445785504105
2028,218.33130988209362
2029,218.31953439692882
2030,218.29918748823422
2031,218.27106776735462
2032,218.23374502507744
2033,218.1872744035369
2034,218.13245355786222
2035,218.06859414767217
2036,217.99575033861962
2037,217.9132331287171
2038,217.82183884970243
2039,217.7208778231533
2040,217.61040286171317
2041,217.4897235951423
2042,217.3596349714585
2043,217.22018874790905
2044,217.0706934870175
2045,216.91194305772234
2046,216.74324529137962
2047,216.56390764797348
2048,216.37546571743167
2049,216.1772262058165
2050,215.96923827189028
2051,215.75080514930633
2052,215.52270453535775
2053,215.28422536094405
2054,215.03539899718666
2055,214.77625641780585
2056,214.50757103179566
2057,214.2278873412412
2058,213.93872078469374
2059,213.63861505547126
2060,213.32908478067307
2061,213.00867284012165
2062,212.67889304604293
2063,212.338287462695
2064,211.9876262517278
2065,211.62767916765532
2066,211.25698705369402
2067,210.87631885319504
2068,210.4864431062212
2069,210.08589944649145
2070,209.67619844894023
2071,209.25662178728632
2072,208.82645074220488
2073,208.3871947098435
2074,207.93813419544753
2075,207.4800349925832
2076,207.0114340124203
2077,206.53383913360997
2078,206.0465293620925
2079,205.5502690114681
2080,205.0450792034133
2081,204.53098070842523
2082,204.00799395174903
2083,203.47613901949458
2084,202.93543566492306
2085,202.3873889849326
2086,201.82978958144938
2087,201.26414191835278
2088,200.69120731809213
2089,200.10951829847346
2090,199.51983558970008
2091,198.922176801197
2092,198.31655926357828
2093,197.70374287061583
2094,197.0837444161182
2095,196.45583760083224
2096,195.8215243794018
2097,195.18007795702465
2098,194.53151413629382
2099,193.8765913238666
2100,193.2145820319768
2101,192.54623806225607
2102,191.8715435187311
2103,191.1904761374919
2104,190.50301345568042
2105,189.80987565262413
2106,189.1102970507707
2107,188.40574029672257
2108,187.69469652187567
2109,186.97937086336535
2110,186.25825411944976
2111,185.53280827028598
2112,184.8022666382309
2113,184.06734806837437
2114,183.32728559378793
2115,182.58354061594724
2116,181.8353458998384
2117,181.0834197543076
2118,180.32699469716346
2119,179.56753163549314
2120,178.803520025677
2121,178.0371633938117
2122,177.2669509906777
2123,176.49360047718517
2124,175.71857225960795
2125,174.93961248476523
2126,174.15892423068405
2127,173.37573916180062
2128,172.59077454463304
2129,171.80400474830708
2130,171.01466125024098
2131,170.2242039820189
2132,169.43186432510814
2133,168.63835929194698
2134,167.84366302693272
2135,167.04849248263386
2136,166.25282175600418
2137,165.45588209474687
2138,164.65913324387802
2139,163.86254927716206
2140,163.06610427381563
2141,162.26977232525155
2142,161.4742703769323
2143,160.67882973020284
2144,159.88491022439555
2145,159.09174323372636
2146,158.2993030144981
2147,157.5083067122531
2148,156.71872869891664
2149,155.93128625007068
2150,155.14521104712438
2151,154.36121681151383
2152,153.57925966741513
2153,152.80003495851017
2154,152.0227524632942
2155,151.24885057739576
2156,150.47679647555358
2157,149.7080287989164
2158,148.9425006519281
2159,148.17942244431435
2160,147.4202332380596
2161,146.6641437440398
2162,145.91185050382592
2163,145.16330739117487
2164,144.41846845349787
2165,143.67728791817365
2166,142.94046303374844
2167,142.2079484059151
2168,141.4796988384148
2169,140.755669338755
2170,140.03655795878754
2171,139.32157729501697
2172,138.61216866893463
2173,137.9075451218991
2174,137.2084055951098
2175,136.5147064291956
2176,135.82640420371663
2177,135.14345574145196
2178,134.465818112497
2179,133.7941914731954
2180,133.12853339980464
2181,132.46805889202082
2182,131.81421171641392
2183,131.16620739942343
2184,130.5247474054425
2185,129.88904779949166
2186,129.25981058990953
2187,128.63773806071387
2188,128.02130426876013
2189,127.41195489097677
2190,126.80965021610511
2191,126.2136079814483
2192,125.62453187950781
2193,125.04238305431237
2194,124.46638010266815
2195,123.8979704153604
2196,123.33711600298567
2197,122.78303633179495
2198,122.23569399442702
2199,121.69579471046276
2200,121.1633016568046
2201,120.63817955547535
2202,120.12039843120385
2203,119.60992985412119
2204,119.10748852230353
2205,118.61230375657918
2206,118.12434800539079
2207,117.64433684449246
2208,117.17150047148635
2209,116.7065550454533
2210,116.24947418133172
2211,115.7994889492992
2212,115.3573163791604
2213,114.92293095452023
2214,114.49630744699613
2215,114.07667808032238
2216,113.66550386952447
2217,113.26201760979198
2218,112.86619521555178
2219,112.47727004934409
2220,112.09670426080355
2221,111.72373177534615
2222,111.35832963306444
2223,111.00121798748039
2224,110.65088876415793
2225,110.30880550454945
2226,109.97346068442596
2227,109.64631839266593
2228,109.32661448462632
2229,109.01358508571926
2230,108.70869509494365
2231,108.4111811731427
2232,108.12102308146196
2233,107.83745800960313
2234,107.56195191417183
2235,107.29299967168963
2236,107.03206775691724
2237,106.77765156070929
2238,106.53047523317119
2239,106.28977750643882
2240,106.05702586762543
2241,105.8299738763565
2242,105.6100895126618
2243,105.39735532934435
2244,105.19101128444649
2245,104.99104040863203
2246,104.79742596737981
2247,104.61015145808291
2248,104.42920060702403
2249,104.25455736622177
2250,104.08620591014335
2251,103.92413488419308
2252,103.76760732186109
2253,103.6166335553208
2254,103.47196695965492
2255,103.3321326087443
2256,103.19862711627877
2257,103.07071878626351
2258,102.9484189486458
2259,102.83099628463613
2260,102.71920532700021
2261,102.61305795004753
2262,102.51182336454399
2263,102.41477094750128
2264,102.32339874187188
2265,102.23697644087895
2266,102.15551672246157
2267,102.07828957344128
2268,102.00530795366684
2269,101.93732778999464
2270,101.87361946508857
2271,101.8141963162726
2272,101.7590717941968
2273,101.70825945645105
2274,101.66103012608808
2275,101.6173975551672
2276,101.57811841820488
2277,101.54172096549536
2278,101.50896202666308
2279,101.47985566396004
2280,101.45441600069572
2281,101.43191437963787
2282,101.41236502652187
2283,101.3950393735063
2284,101.38143739283768
2285,101.37008774531164
2286,101.36174761916709
2287,101.35568854877518
2288,101.35192491363404
2289,101.35047109737914
2290,101.35134148194409
2291,101.35380760683077
2292,101.35862666862117
2293,101.36507017546329
2294,101.37315244688698
2295,101.38288777367947
2296,101.39354757792458
2297,101.40588891330823
2298,101.41918312041686
2299,101.43418716240397
2300,101.44942944559955
2301,101.46566992314686
2302,101.4829380437263
2303,101.4997806199895
2304,101.51845857252079
2305,101.53677574108244
2306,101.55550723152403
2307,101.5746852374478
2308,101.59359903712073
2309,101.61228066054812
2310,101.63150488659853
2311,101.65056073514293
2312,101.66873713439695
2313,101.68680858832862
2314,101.70480666899401
2315,101.72202001398807
2316,101.73847999397297
2317,101.75421787514598
2318,101.76926481673433
2319,101.78290903345484
2320,101.79592429805139
2321,101.80759859862371
2322,101.81796264108702
2323,101.82778984650251
2324,101.83562500824429
2325,101.84224129934522
2326,101.846926094489
2327,101.85045230714304
2328,101.85210704640211
2329,101.85266295393951
2330,101.8506640256387
2331,101.84688261840444
2332,101.8413481066296
2333,101.83408971369437
2334,101.82439367332677
2335,101.8122888959542
2336,101.79780412990281
2337,101.78171079257746
2338,101.76255162645609
2339,101.74109770528467
2340,101.71737708998381
2341,101.69067482463015
2342,101.66176143750162
2343,101.629921596951
2344,101.59518261247376
2345,101.55757159571174
2346,101.5178582915592
2347,101.47458373421401
2348,101.42851725356695
2349,101.37894229642164
2350,101.3266277630633
2351,101.27159912166698
2352,101.21313727368567
2353,101.15126535222774
2354,101.0860062612976
2355,101.01812550816807
2356,100.9461598608513
2357,100.87161719108204
2358,100.79303379217613
2359,100.71191705755098
2360,100.62680279911767
2361,100.53845509132881
2362,100.446152095214
2363,100.35065739793352
2364,100.25124867242884
2365,100.14868901757214
2366,100.04299845343999
2367,99.93271108693455
2368,99.8193321228738
2369,99.70288085507117
2370,99.58189066784657
2371,99.45786604796088
2372,99.33008274148844
2373,99.19930193124
2374,99.0640560641731
2375,98.92584869932463
2376,98.78395466559937
2377,98.637648569997
2378,98.48843330600901
2379,98.33558304694114
2380,98.17985742464103
2381,98.01978735808548
2382,97.85613206733085
2383,97.68890773728027
2384,97.5181303566213
2385,97.34455855678713
2386,97.1667222757957
2387,96.98537977232075
2388,96.80128912449975
2389,96.61372256370962
2390,96.42195214836687
2391,96.22747827266002
2392,96.03031549497348
2393,95.82899254131335
2394,95.62500931874744
2395,95.41763707337287
2396,95.20763256842726
2397,94.9942667470103
2398,94.77755323981043
2399,94.55824836758255
2400,94.33562263837493
2401,94.10968646367483
2402,93.8819246222189
2403,93.6501047897703
2404,93.41645151707081
2405,93.17947504603264
2406,92.93991399126008
2407,92.6977640011384
2408,92.45227775890281
2409,92.20493632370261
2410,91.95424928630179
2411,91.70169745008369
2412,91.44579015160322
2413,91.18800794150651
2414,90.92760274006278
2415,90.66456917798025
2416,90.39964459715137
2417,90.13208054637452
2418,89.86261412232375
2419,89.59049663041195
2420,89.31720776099438
2421,89.04125574540714
2422,88.76337720251006
2423,88.48430863515253
2424,88.20255792682988
2425,87.91960418879556
2426,87.6346979170441
2427,87.3478323348025
2428,87.05974339516601
2429,86.77042411393744
2430,86.47912457277717
2431,86.18658042769391
2432,85.89278440765406
2433,85.5977291535603
2434,85.30215005749808
2435,85.00455392712098
2436,84.70641883556915
2437,84.40699428128741
2438,84.10701536838279
2439,83.80573147198407
2440,83.50387758401371
2441,83.20144581398084
2442,82.89842823005247
2443,82.5940740302327
2444,82.2898608888039
2445,81.98578078765739
2446,81.6803400228396
2447,81.37575905633933
2448,81.07054417249044
2449,80.7646873298142
2450,80.4596661676747
2451,80.15398466143687
2452,79.84910878529092
2453,79.54353086244285
2454,79.23871459296997
2455,78.93389521485136
2456,78.62979368513356
2457,78.32638818070909
2458,78.02291410396141
2459,77.71934975823159
2460,77.41715918801349
2461,77.11557800873629
2462,76.81384191647015
2463,76.51415803236755
2464,76.21427655645569
2465,75.9156619566471
2466,75.61755029196289
2467,75.32066339076613
2468,75.02498034847943
2469,74.730480365089
2470,74.43639991228872
2471,74.1442040754471
2472,73.8531295450296
2473,73.56315595798878
2474,73.2742630637595
2475,72.98717356005025
2476,72.70112458829718
2477,72.416839074075
2478,72.13429722213479
2479,71.853479351366
2480,71.57362305955479
2481,71.29619456313823
2482,71.02043168660349
2483,70.7463152020575
2484,70.473825993617
2485,70.2036878918199
2486,69.93588200295814
2487,69.66964670848171
2488,69.4057061695234
2489,69.1432989863176
2490,68.88314953791063
2491,68.62598231183354
2492,68.37029339888232
2493,68.11680750327345
2494,67.86587802022837
2495,67.61718990231654
2496,67.37094819604154
2497,67.12706092406273
2498,66.88565907067274
2499,66.64665088195875
2500,66.41016756821267
2501,66.17619182890941
2502,65.94478052767445
2503,65.71591630469653
2504,65.48965620510808
2505,65.26605739793109
2506,65.0450286117057
2507,64.82677583830996
2508,64.61120806790044
2509,64.398308709523
2510,64.18820987783126
2511,63.98089526238985
2512,63.776422981568786
2513,63.57462845197068
2514,63.375718659912835
2515,63.17967789686857
2516,62.98641632990642
2517,62.795992855577616
2518,62.60839225270765
2519,62.42367375259257
2520,62.241822475050796
2521,62.0628237148225
2522,61.88673722778338
2523,61.7134743829393
2524,61.54309529870613
2525,61.37566027792118
2526,61.21108124258126
2527,61.04934458580223
2528,60.89058545646649
2529,60.73464205903224
2530,60.581575638542944
2531,60.431373346767764
2532,60.2840225255066
2533,60.13951070604012
2534,59.9978998917286
2535,59.85902942274522
2536,59.72296167548506
2537,59.58975921010829
2538,59.45926191774881
2539,59.33153271892181
2540,59.206560426596035
2541,59.084334026484264
2542,58.96476839005184
2543,58.84800140478074
2544,58.733873985670755
2545,58.62237577206052
2546,58.51357083974355
2547,58.40737484591682
2548,58.30370359150684
2549,58.20262158338771
2550,58.10404489550442
2551,58.007965835365106
2552,57.914384118305755
2553,57.823227116343006
2554,57.73449659937289
2555,57.64819444682488
2556,57.564174075899366
2557,57.48266042143884
2558,57.403358529386544
2559,57.32641923796422
2560,57.25184490547536
2561,57.179415122821524
2562,57.109280977754025
2563,57.04129649980997
2564,56.975464358024645
2565,56.911713007370246
2566,56.85004525296273
2567,56.79046396402176
2568,56.732897788093155
2569,56.67734971604107
2570,56.62367422978679
2571,56.572023001823695
2572,56.522176342440446
2573,56.474211750224484
2574,56.42813249375347
2575,56.38371904400223
2576,56.341123341966
2577,56.300125963411546
2578,56.260804670328376
2579,56.22308870997303
2580,56.18690738204147
2581,56.15219003891993
2582,56.11894036949735
2583,56.08716211600594
2584,56.05671050736676
2585,56.027589393531564
2586,55.99972839526271
2587,55.97305718785275
2588,55.947654068251495
2589,55.92337453755591
2590,55.90007415137768
2591,55.8779056535484
2592,55.85665042410732
2593,55.836312746627485
2594,55.81689695679325
2595,55.798258874244105
2596,55.78040293518402
2597,55.763259340213295
2598,55.746758335901646
2599,55.730904496086644
2600,55.71562815238605
2601,55.70093572330092
2602,55.68661787174531
2603,55.67283847517163
2604,55.65939002210271
2605,55.64636215981257
2606,55.63354742221634
2607,55.62103549356552
2608,55.60876750288902
2609,55.59668458625246
2610,55.58472788183018
2611,55.5729128083185
2612,55.56110620920048
2613,55.5493234814133
2614,55.537505719408614
2615,55.52566827666163
2616,55.51375219313309
2617,55.50162418972628
2618,55.489373796771225
2619,55.47686764752841
2620,55.46419517379412
2621,55.451148616071364
2622,55.43781728640217
2623,55.42406757881141
2624,55.409988665455714
2625,55.39537250743501
2626,55.38030811835777
2627,55.36473585910644
2628,55.34852171737337
2629,55.33175443797227
2630,55.31422553490371
2631,55.2960978397532
2632,55.27723694734575
2633,55.25765691424553
2634,55.23722312254255
2635,55.21609797897756
2636,55.194072361842125
2637,55.171234171232754
2638,55.14744834356886
2639,55.122802551938804
2640,55.09708722119884
2641,55.070464079385445
2642,55.04272332283899
2643,55.013952168117626
2644,54.984014868096146
2645,54.952924130300275
2646,54.92069255090828
2647,54.88733261592018
2648,54.85263385195958
2649,54.81675709571898
2650,54.779565943954836
2651,54.741146980087514
2652,54.70129051280448
2653,54.66008412423364
2654,54.61746673007111
2655,54.573451431699674
2656,54.52797695074247
2657,54.48098191404994
2658,54.432479138591894
2659,54.382481349230254
2660,54.330926896359486
2661,54.277902607408684
2662,54.223272370160466
2663,54.16712283442211
2664,54.10946627848542
2665,54.05016632589976
2666,53.98923507955673
2667,53.92675883805756
2668,53.8626752448689
2669,53.79692185478477
2670,53.72951041668259
2671,53.660452589075256
2672,53.58975993897418
2673,53.517369657066965
2674,53.443293123230774
2675,53.36754162137969
2676,53.29012633766987
2677,53.21098407507479
2678,53.13020010185959
2679,53.04778529894947
2680,52.96360187423142
2681,52.87780906132343
2682,52.79026884927967
2683,52.70099168132444
2684,52.610062169084664
2685,52.51741623985613
2686,52.423063984945976
2687,52.32708965759138
2688,52.22935453697372
2689,52.13001691088654
2690,52.029012089515554
2691,51.926423821414495
2692,51.82218715814245
2693,51.71631130361927
2694,51.6088796131894
2695,51.49982674240694
2696,51.38916149707702
2697,51.27696683304009
2698,51.16317700570757
2699,51.04787470437928
2700,50.93091963530717
2701,50.81254163562698
2702,50.69252009114373
2703,50.57107880454899
2704,50.4480700334751
2705,50.32356876041945
2706,50.19750127738472
2707,50.07001660578299
2708,49.94104079803889
2709,49.81064835793351
2710,49.67876510962415
2711,49.54546533486588
2712,49.410823209382485
2713,49.274689955880596
2714,49.13728811571746
2715,48.99846871762971
2716,48.85830554959236
2717,48.71679802871161
2718,48.57394548867337
2719,48.4298214672128
2720,48.284350859574644
2721,48.137607056470664
2722,47.9896633809817
2723,47.84051880890258
2724,47.690246539516046
2725,47.53877114875861
2726,47.38624001029428
2727,47.23265188143622
2728,47.07800547344544
2729,46.92237373817419
2730,46.76575530403902
2731,46.608148762329456
2732,46.44962695333801
2733,46.290188401798844
2734,46.12983160264647
2735,45.96862930658586
2736,45.80657995496628
2737,45.64375624847862
2738,45.48015658166003
2739,45.315853611231155
2740,45.15084569025314
2741,44.985205436133114
2742,44.8188568809654
2743,44.65194688975261
2744,44.484473743474005
2745,44.31643570655718
2746,44.14790531074781
2747,43.978880788387464
2748,43.80936035613073
2749,43.6394164986103
2750,43.46912168506183
2751,43.298398466673895
2752,43.127461170448434
2753,42.95622563856509
2754,42.784681981801306
2755,42.612968863235864
2756,42.441076364502024
2757,42.26906883663515
2758,42.096862049995536
2759,41.924520328811454
2760,41.75210798482148
2761,41.57961503454346
2762,41.40703148368167
2763,41.23449589517686
2764,41.06192397288541
2765,40.88937998043428
2766,40.71692817571252
2767,40.544558529020435
2768,40.37233529188154
2769,40.20024843199785
2770,40.028362202365635
2771,39.85666657652663
2772,39.68522581796901
2773,39.514029915650326
2774,39.34314315365399
2775,39.17255554694937
2776,39.00225712776184
2777,38.832312232033686
2778,38.6628595024602
2779,38.49374047407769
2780,38.325093845434026
2781,38.1569840642624
2782,37.98940133068784
2783,37.82233588394181
2784,37.65592657256924
2785,37.490089440093016
2786,37.32481486216081
2787,37.160316116632245
2788,36.99643511857213
2789,36.833236691201
2790,36.6707857182229
2791,36.50914714655297
2792,36.34823742192134
2793,36.18812162536308
2794,36.02886490855492
2795,35.87045821250851
2796,35.712966836618186
2797,35.55630759003772
2798,35.400545927411834
2799,35.24582166692941
2800,35.09197757419918
2801,34.93915326647015
2802,34.787412701112984
2803,34.63659670456258
2804,34.48684332258197
2805,34.33821640331925
2806,34.19055703072043
2807,34.044077792822335
2808,33.8986942303656
2809,33.754396254313605
2810,33.61124814573916
2811,33.469165705093744
2812,33.32836195289968
2813,33.18867857781622
2814,33.0501802041707
2815,32.912931540896274
2816,32.77684881391775
2817,32.64207118301222
2818,32.50851504011085
2819,32.3763197096107
2820,32.24532746314498
2821,32.115603503389885
2822,31.987213112857802
2823,31.860073086214143
2824,31.73432314714126
2825,31.609805963210192
2826,31.48666141333463
2827,31.364880886241295
2828,31.244381563514153
2829,31.125229269704885
2830,31.00741562149262
2831,30.891006594423192
2832,30.775993955706728
2833,30.662295264089014
2834,30.549976720298762
2835,30.439030316546408
2836,30.32952240360004
2837,30.22137084040964
2838,30.114567844803325
2839,30.00917999372797
2840,29.905125373028678
2841,29.802470711785688
2842,29.701208532167012
2843,29.601405716819315
2844,29.50290637526181
2845,29.4058518288177
2846,29.31008634300976
2847,29.21582567949165
2848,29.12291426141656
2849,29.03134515832461
2850,28.94111151947587
2851,28.852281539721133
2852,28.76485193895819
2853,28.678745916115435
2854,28.59396103421893
2855,28.510569220456222
2856,28.42849391565805
2857,28.347807208217635
2858,28.268432699905468
2859,28.190368356113265
2860,28.11368650549889
2861,28.038310989029824
2862,27.964240009946096
2863,27.89147184961689
2864,27.820004866803227
2865,27.74983749682484
2866,27.680893967130388
2867,27.61332143028809
2868,27.54696997835965
2869,27.481838342720987
2870,27.41799960928396
2871,27.35530408313376
2872,27.293899271622042
2873,27.233709898359077
2874,27.174735035673255
2875,27.116899536001824
2876,27.060276880746834
2877,27.004792044572945
2878,26.95044434418897
2879,26.8972331530923
2880,26.84515789979554
2881,26.794218066039456
2882,26.744264617993654
2883,26.69544570547619
2884,26.64768667564544
2885,26.600912921727307
2886,26.555198448255343
2887,26.510468735315932
2888,26.466723587335128
2889,26.423888564380945
2890,26.382112114511425
2891,26.341171304126338
2892,26.301214651398997
2893,26.262093573197518
2894,26.223882368083363
2895,26.186581080820186
2896,26.15004121742735
2897,26.1143371612849
2898,26.079469037750926
2899,26.045288429319605
2900,26.011944075327374
2901,25.97928854689867
2902,25.94732677944452
2903,25.916064671683987
2904,25.885508140181557
2905,25.855663118145255
2906,25.82638698723008
2907,25.797759993865316
2908,25.769788114061733
2909,25.74240305222738
2910,25.71561080698298
2911,25.689417386460963
2912,25.663754523592115
2913,25.638628241884305
2914,25.614044570675382
2915,25.589935260365337
2916,25.566232064630647
2917,25.54308958961922
2918,25.52036530809476
2919,25.498065259087245
2920,25.476195479497054
2921,25.454687719175386
2922,25.433548006486834
2923,25.41278236334043
2924,25.39232252019852
2925,25.37217448157316
2926,25.352418524500408
2927,25.332837779488038
2928,25.313586780487828
2929,25.294522911816294
2930,25.275726391113103
2931,25.257128850271574
2932,25.238661900893558
2933,25.220405699755986
2934,25.202366096781486
2935,25.18440035003558
2936,25.16651425826299
2937,25.14878787594277
2938,25.13115266137472
2939,25.11354004231891
2940,25.096029981680296
2941,25.078479558724823
2942,25.060968668875674
2943,25.04350288854036
2944,25.025939190504054
2945,25.008357360398797
2946,24.990762861713016
2947,24.973012551372502
2948,24.955260379903606
2949,24.937363122626135
2950,24.91932607994556
2951,24.90115489532617
2952,24.88278242810369
2953,24.864290446540874
2954,24.845686391200125
2955,24.826754807509538
2956,24.80772589690591
2957,24.788384114470386
2958,24.768811003659717
2959,24.749013778535467
2960,24.728925323535936
2961,24.708552760277673
2962,24.687977447370905
2963,24.666983562735346
2964,24.645800938460628
2965,24.624213658612835
2966,24.60237717759378
2967,24.580149768439984
2968,24.557538223643228
2969,24.53462357143264
2970,24.51133822502596
2971,24.48768883286566
2972,24.463607711308338
2973,24.439101411286728
2974,24.414250717926386
2975,24.38898779961243
2976,24.363319058027315
2977,24.33717656063125
2978,24.31056660710784
2979,24.283569728760373
2980,24.256117837357703
2981,24.228217074954415
2982,24.199873529662927
2983,24.171018951391257
2984,24.14173360156067
2985,24.111949118280478
2986,24.08174564952321
2987,24.05098043476366
2988,24.019807788640946
2989,23.988084832083175
2990,23.955817192474747
2991,23.92308471932152
2992,23.88989291643701
2993,23.85617294116524
2994,23.821855887146157
2995,23.787095634134364
2996,23.751823146351953
2997,23.716043605930963
2998,23.679687845413312
2999,23.64290948134558
3000,23.605564929433342
